time: 15.191995 f1: 0.992519 0.985149 1.000000 0.678024 0.512887 1.000000
time: 15.204746 f1: 0.999047 1.000000 0.998095 0.695197 0.641935 0.758095
time: 15.300758 f1: 0.996853 0.993726 1.000000 0.590384 0.418826 1.000000
time: 15.590063 f1: 0.986505 0.973370 1.000000 0.490060 0.324556 1.000000
time: 15.588031 f1: 0.979969 0.960725 1.000000 0.090572 0.047434 1.000000
time: 14.585409 f1: 0.993758 0.987593 1.000000 0.376716 0.232070 1.000000
time: 15.336281 f1: 0.970339 0.946281 0.995652 0.750408 0.600522 1.000000
time: 15.014431 f1: 0.997494 0.995000 1.000000 0.997494 0.995000 1.000000
time: 14.718385 f1: 0.996853 0.993726 1.000000 0.996226 0.992481 1.000000
time: 15.946263 f1: 0.836134 0.718412 1.000000 0.103686 0.054678 1.000000
time: 1.597056 f1: 0.500000 1.000000 0.333334 0.500000 1.000000 0.333334
time: 1.574855 f1: 0.833333 0.833333 0.833333 0.833333 0.833333 0.833333
time: 1.676419 f1: 0.571429 1.000000 0.400000 0.571429 1.000000 0.400000
time: 1.534359 f1: 0.250000 1.000000 0.142857 0.250000 1.000000 0.142857
time: 1.503558 f1: 1.000000 1.000000 1.000000 1.000000 1.000000 1.000000
time: 1.410629 f1: 1.000000 1.000000 1.000000 1.000000 1.000000 1.000000
time: 1.626138 f1: 0.000002 0.000001 1.000000 0.000002 0.000001 1.000000
time: 1.490427 f1: 0.076923 0.040000 1.000000 0.076923 0.040000 1.000000
time: 1.436112 f1: 0.009368 0.004706 1.000000 0.009368 0.004706 1.000000
time: 1.391723 f1: 0.044444 0.022727 1.000000 0.044444 0.022727 1.000000
time: 1.666399 f1: 0.909091 1.000000 0.833333 0.909091 1.000000 0.833333
time: 1.425960 f1: 1.000000 1.000000 1.000000 1.000000 1.000000 1.000000
time: 1.436093 f1: 0.025316 0.012821 1.000000 0.025316 0.012821 1.000000
time: 1.498640 f1: 1.000000 1.000000 1.000000 1.000000 1.000000 1.000000
time: 1.382092 f1: 0.012903 0.006515 0.666667 0.012903 0.006515 0.666667
time: 1.640168 f1: 0.444445 0.666667 0.333333 0.444445 0.666667 0.333333
time: 1.686978 f1: 0.005533 0.002774 1.000000 0.005533 0.002774 1.000000
time: 1.620306 f1: 0.400000 1.000000 0.250000 0.400000 1.000000 0.250000
time: 1.478486 f1: 1.000000 1.000000 1.000000 1.000000 1.000000 1.000000
time: 1.463418 f1: 0.000002 0.000001 1.000000 0.000002 0.000001 1.000000
time: 1.623063 f1: 0.307692 0.222222 0.500000 0.307692 0.222222 0.500000
time: 1.613105 f1: 0.005935 0.002976 1.000000 0.005935 0.002976 1.000000
time: 1.600354 f1: 0.461539 0.600000 0.375000 0.461539 0.600000 0.375000
time: 1.610915 f1: 0.571429 1.000000 0.400000 0.571429 1.000000 0.400000
time: 1.706731 f1: 0.005115 0.002564 1.000000 0.005115 0.002564 1.000000
time: 1.681713 f1: 0.071429 0.038462 0.500000 0.071429 0.038462 0.500000
time: 1.462388 f1: 1.000000 1.000000 1.000000 1.000000 1.000000 1.000000
time: 1.609962 f1: 0.125000 0.090909 0.200000 0.125000 0.090909 0.200000
time: 1.380629 f1: 1.000000 1.000000 1.000000 1.000000 1.000000 1.000000
time: 1.568403 f1: 1.000000 1.000000 1.000000 1.000000 1.000000 1.000000
time: 1.336934 f1: 1.000000 1.000000 1.000000 1.000000 1.000000 1.000000
time: 1.704073 f1: 0.017673 0.008915 1.000000 0.017673 0.008915 1.000000
time: 1.755192 f1: 0.166667 0.200000 0.142857 0.166667 0.200000 0.142857
time: 1.578869 f1: 1.000000 1.000000 1.000000 1.000000 1.000000 1.000000
time: 1.632026 f1: 0.030303 0.015625 0.500000 0.030303 0.015625 0.500000
time: 1.390314 f1: 0.015748 0.007937 1.000000 0.015748 0.007937 1.000000
time: 1.660819 f1: 0.033333 0.017241 0.500000 0.033333 0.017241 0.500000
time: 1.720691 f1: 0.006897 0.003460 1.000000 0.006897 0.003460 1.000000
time: 1.423932 f1: 1.000000 1.000000 1.000000 1.000000 1.000000 1.000000
time: 1.676893 f1: 0.285714 0.285714 0.285714 0.285714 0.285714 0.285714
time: 1.408706 f1: 1.000000 1.000000 1.000000 1.000000 1.000000 1.000000
time: 1.673030 f1: 0.006079 0.003049 1.000000 0.006079 0.003049 1.000000
time: 1.473085 f1: 1.000000 1.000000 1.000000 1.000000 1.000000 1.000000
time: 1.619455 f1: 1.000000 1.000000 1.000000 1.000000 1.000000 1.000000
time: 1.975513 f1: 0.074074 0.043478 0.250000 0.074074 0.043478 0.250000
time: 1.675833 f1: 0.061856 0.031915 1.000000 0.061856 0.031915 1.000000
time: 1.482275 f1: 1.000000 1.000000 1.000000 1.000000 1.000000 1.000000
time: 1.459378 f1: 0.048781 0.025000 1.000000 0.048781 0.025000 1.000000
time: 1.527063 f1: 0.222222 0.500000 0.142857 0.222222 0.500000 0.142857
time: 1.652130 f1: 0.250000 0.142857 1.000000 0.250000 0.142857 1.000000
time: 1.364023 f1: 0.153846 0.083333 1.000000 0.153846 0.083333 1.000000
time: 1.430547 f1: 1.000000 1.000000 1.000000 1.000000 1.000000 1.000000
time: 1.643255 f1: 0.833333 1.000000 0.714286 0.833333 1.000000 0.714286
time: 1.429027 f1: 0.566038 1.000000 0.394737 0.545455 0.882353 0.394737
time: 1.540192 f1: 1.000000 1.000000 1.000000 1.000000 1.000000 1.000000
time: 1.674851 f1: 0.444445 0.400000 0.500000 0.444445 0.400000 0.500000
time: 1.367763 f1: 1.000000 1.000000 1.000000 1.000000 1.000000 1.000000
time: 1.447178 f1: 1.000000 1.000000 1.000000 1.000000 1.000000 1.000000
time: 1.569155 f1: 0.010899 0.005479 1.000000 0.010899 0.005479 1.000000
time: 1.629715 f1: 0.006711 0.003367 1.000000 0.006711 0.003367 1.000000
time: 1.541488 f1: 0.888889 0.888889 0.888889 0.888889 0.888889 0.888889
time: 1.392753 f1: 1.000000 1.000000 1.000000 1.000000 1.000000 1.000000
time: 1.785843 f1: 0.000002 0.000001 1.000000 0.000002 0.000001 1.000000
time: 1.361379 f1: 1.000000 1.000000 1.000000 1.000000 1.000000 1.000000
time: 1.398467 f1: 1.000000 1.000000 1.000000 1.000000 1.000000 1.000000
time: 1.447735 f1: 1.000000 1.000000 1.000000 1.000000 1.000000 1.000000
time: 1.762696 f1: 0.028986 0.014925 0.500000 0.028986 0.014925 0.500000
time: 1.294702 f1: 1.000000 1.000000 1.000000 1.000000 1.000000 1.000000
time: 1.637534 f1: 0.240000 0.142857 0.750000 0.240000 0.142857 0.750000
time: 1.680426 f1: 0.000002 0.000001 1.000000 0.000002 0.000001 1.000000
time: 1.870664 f1: 1.000000 1.000000 1.000000 1.000000 1.000000 1.000000
time: 2.018690 f1: 0.019293 0.009740 1.000000 0.019293 0.009740 1.000000
time: 1.639754 f1: 0.004376 0.002193 1.000000 0.004376 0.002193 1.000000
time: 1.381280 f1: 1.000000 1.000000 1.000000 1.000000 1.000000 1.000000
time: 1.961806 f1: 0.003436 0.001721 1.000000 0.003436 0.001721 1.000000
time: 1.471428 f1: 1.000000 1.000000 1.000000 1.000000 1.000000 1.000000
time: 1.662246 f1: 0.005674 0.002845 1.000000 0.005674 0.002845 1.000000
time: 1.428452 f1: 1.000000 1.000000 1.000000 1.000000 1.000000 1.000000
time: 1.354496 f1: 1.000000 1.000000 1.000000 1.000000 1.000000 1.000000
time: 1.762986 f1: 0.727273 1.000000 0.571429 0.727273 1.000000 0.571429
time: 1.582681 f1: 0.003049 0.001527 1.000000 0.003049 0.001527 1.000000
time: 1.384210 f1: 0.020979 0.010601 1.000000 0.020979 0.010601 1.000000
time: 1.552647 f1: 1.000000 1.000000 1.000000 1.000000 1.000000 1.000000
time: 1.399370 f1: 1.000000 1.000000 1.000000 1.000000 1.000000 1.000000
time: 1.901973 f1: 0.800000 1.000000 0.666667 0.800000 1.000000 0.666667
time: 1.677321 f1: 0.181818 0.117647 0.400000 0.181818 0.117647 0.400000
time: 1.283877 f1: 0.024242 0.012270 1.000000 0.024242 0.012270 1.000000
time: 1.422738 f1: 0.000002 0.000001 1.000000 0.000002 0.000001 1.000000
time: 1.456923 f1: 1.000000 1.000000 1.000000 1.000000 1.000000 1.000000
time: 1.643199 f1: 0.222222 0.142857 0.500000 0.222222 0.142857 0.500000
time: 1.704235 f1: 0.004202 0.002105 1.000000 0.004202 0.002105 1.000000
time: 1.634331 f1: 0.600000 1.000000 0.428572 0.600000 1.000000 0.428572
time: 1.650871 f1: 0.050000 0.025641 1.000000 0.050000 0.025641 1.000000
time: 1.619473 f1: 0.750000 1.000000 0.600000 0.750000 1.000000 0.600000
time: 1.661708 f1: 1.000000 1.000000 1.000000 1.000000 1.000000 1.000000
time: 1.798246 f1: 0.285714 1.000000 0.166667 0.285714 1.000000 0.166667
time: 1.408121 f1: 0.009259 0.004651 1.000000 0.009259 0.004651 1.000000
time: 1.886601 f1: 0.030457 0.015789 0.428572 0.030457 0.015789 0.428572
time: 1.367582 f1: 1.000000 1.000000 1.000000 1.000000 1.000000 1.000000
time: 1.618714 f1: 0.002841 0.001422 1.000000 0.002841 0.001422 1.000000
time: 1.591202 f1: 1.000000 1.000000 1.000000 1.000000 1.000000 1.000000
time: 1.774560 f1: 0.666667 1.000000 0.500000 0.666667 1.000000 0.500000
time: 1.727420 f1: 0.039216 0.020000 1.000000 0.039216 0.020000 1.000000
time: 1.470009 f1: 1.000000 1.000000 1.000000 1.000000 1.000000 1.000000
time: 1.724259 f1: 0.004843 0.002427 1.000000 0.004843 0.002427 1.000000
time: 1.366089 f1: 1.000000 1.000000 1.000000 1.000000 1.000000 1.000000
time: 1.321620 f1: 0.000002 0.000001 1.000000 0.000002 0.000001 1.000000
time: 1.626863 f1: 0.102564 0.060606 0.333333 0.102564 0.060606 0.333333
time: 1.432891 f1: 1.000000 1.000000 1.000000 1.000000 1.000000 1.000000
time: 1.741354 f1: 0.005155 0.002584 1.000000 0.005155 0.002584 1.000000
time: 1.814109 f1: 0.363636 0.400000 0.333333 0.363636 0.400000 0.333333
time: 1.687206 f1: 0.012903 0.006623 0.250000 0.012903 0.006623 0.250000
time: 1.966572 f1: 0.153846 0.090909 0.500000 0.153846 0.090909 0.500000
time: 1.672441 f1: 0.500000 1.000000 0.333334 0.500000 1.000000 0.333334
time: 1.695206 f1: 0.800000 0.666667 1.000000 0.800000 0.666667 1.000000
time: 1.929759 f1: 0.040000 0.021739 0.250000 0.040000 0.021739 0.250000
time: 1.629256 f1: 0.333334 1.000000 0.200000 0.333334 1.000000 0.200000
time: 1.759644 f1: 0.500000 1.000000 0.333333 0.500000 1.000000 0.333333
time: 1.754051 f1: 0.666667 1.000000 0.500000 0.666667 1.000000 0.500000
time: 1.449919 f1: 1.000000 1.000000 1.000000 1.000000 1.000000 1.000000
time: 1.466317 f1: 1.000000 1.000000 1.000000 1.000000 1.000000 1.000000
time: 1.384486 f1: 0.007117 0.003571 1.000000 0.007117 0.003571 1.000000
time: 1.457938 f1: 0.907216 0.830189 1.000000 0.574468 0.540000 0.613636
time: 1.634482 f1: 0.857143 1.000000 0.750000 0.857143 1.000000 0.750000
time: 1.615478 f1: 0.571429 1.000000 0.400000 0.571429 1.000000 0.400000
time: 1.529867 f1: 0.845714 0.740000 0.986667 0.836158 0.725490 0.986667
time: 1.710736 f1: 0.000002 0.000001 1.000000 0.000002 0.000001 1.000000
time: 1.690398 f1: 0.857143 1.000000 0.750000 0.857143 1.000000 0.750000
time: 1.535549 f1: 0.000002 0.000001 1.000000 0.000002 0.000001 1.000000
time: 1.656756 f1: 0.222222 0.125000 1.000000 0.222222 0.125000 1.000000
time: 1.420444 f1: 0.088889 0.046512 1.000000 0.088889 0.046512 1.000000
time: 1.480586 f1: 1.000000 1.000000 1.000000 1.000000 1.000000 1.000000
time: 1.648097 f1: 0.500000 1.000000 0.333333 0.500000 1.000000 0.333333
time: 1.583480 f1: 0.000002 0.000001 1.000000 0.000002 0.000001 1.000000
time: 1.451356 f1: 1.000000 1.000000 1.000000 1.000000 1.000000 1.000000
time: 1.626405 f1: 0.666667 1.000000 0.500000 0.666667 1.000000 0.500000
time: 1.501104 f1: 0.055556 0.031250 0.250000 0.055556 0.031250 0.250000
time: 1.427427 f1: 1.000000 1.000000 1.000000 1.000000 1.000000 1.000000
time: 1.672072 f1: 0.222222 0.250000 0.200000 0.222222 0.250000 0.200000
time: 1.735165 f1: 0.085714 0.046154 0.600000 0.085714 0.046154 0.600000
time: 1.428741 f1: 0.750000 1.000000 0.600000 0.750000 1.000000 0.600000
time: 1.349231 f1: 0.153846 0.083333 1.000000 0.153846 0.083333 1.000000
time: 1.471189 f1: 0.371542 0.228155 1.000000 0.371542 0.228155 1.000000
time: 1.415465 f1: 0.054545 0.028037 1.000000 0.054545 0.028037 1.000000
time: 1.659888 f1: 0.000002 0.000001 1.000000 0.000002 0.000001 1.000000
time: 1.375868 f1: 0.011050 0.005556 1.000000 0.011050 0.005556 1.000000
time: 1.348122 f1: 1.000000 1.000000 1.000000 1.000000 1.000000 1.000000
time: 1.385265 f1: 0.056604 0.029126 1.000000 0.056604 0.029126 1.000000
time: 1.437880 f1: 1.000000 1.000000 1.000000 1.000000 1.000000 1.000000
time: 1.510953 f1: 1.000000 1.000000 1.000000 1.000000 1.000000 1.000000
time: 1.716452 f1: 0.042553 0.024390 0.166667 0.042553 0.024390 0.166667
time: 1.600369 f1: 0.500000 1.000000 0.333334 0.500000 1.000000 0.333334
time: 1.593229 f1: 0.400000 1.000000 0.250000 0.400000 1.000000 0.250000
time: 1.572796 f1: 0.036364 0.019231 0.333334 0.036364 0.019231 0.333334
time: 1.646126 f1: 0.444445 1.000000 0.285714 0.444445 1.000000 0.285714
time: 1.426774 f1: 0.018692 0.009434 1.000000 0.018692 0.009434 1.000000
time: 1.752944 f1: 0.750000 1.000000 0.600000 0.750000 1.000000 0.600000
time: 1.398583 f1: 1.000000 1.000000 1.000000 1.000000 1.000000 1.000000
time: 1.308809 f1: 1.000000 1.000000 1.000000 1.000000 1.000000 1.000000
time: 1.407430 f1: 1.000000 1.000000 1.000000 1.000000 1.000000 1.000000
time: 1.701401 f1: 0.800000 1.000000 0.666667 0.800000 1.000000 0.666667
time: 1.595218 f1: 1.000000 1.000000 1.000000 1.000000 1.000000 1.000000
time: 1.694604 f1: 0.941176 1.000000 0.888889 0.941176 1.000000 0.888889
time: 1.394931 f1: 1.000000 1.000000 1.000000 1.000000 1.000000 1.000000
time: 1.470675 f1: 0.000002 0.000001 1.000000 0.000002 0.000001 1.000000
time: 1.489688 f1: 1.000000 1.000000 1.000000 1.000000 1.000000 1.000000
time: 1.727079 f1: 1.000000 1.000000 1.000000 1.000000 1.000000 1.000000
time: 1.263849 f1: 0.034286 0.017442 1.000000 0.034286 0.017442 1.000000
time: 1.600917 f1: 0.035088 0.018519 0.333334 0.035088 0.018519 0.333334
time: 1.728052 f1: 1.000000 1.000000 1.000000 1.000000 1.000000 1.000000
time: 1.425614 f1: 1.000000 1.000000 1.000000 1.000000 1.000000 1.000000
time: 1.464351 f1: 1.000000 1.000000 1.000000 1.000000 1.000000 1.000000
time: 1.667442 f1: 1.000000 1.000000 1.000000 1.000000 1.000000 1.000000
time: 1.770774 f1: 0.500000 0.666667 0.400000 0.500000 0.666667 0.400000
time: 1.306646 f1: 1.000000 1.000000 1.000000 1.000000 1.000000 1.000000
time: 1.668507 f1: 0.666667 1.000000 0.500000 0.666667 1.000000 0.500000
time: 1.483655 f1: 1.000000 1.000000 1.000000 1.000000 1.000000 1.000000
time: 1.421989 f1: 1.000000 1.000000 1.000000 1.000000 1.000000 1.000000
time: 1.412848 f1: 1.000000 1.000000 1.000000 1.000000 1.000000 1.000000
time: 1.330143 f1: 0.500000 0.333333 1.000000 0.500000 0.333333 1.000000
time: 1.482707 f1: 0.705882 0.600000 0.857143 0.705882 0.600000 0.857143
time: 1.465876 f1: 0.908046 0.849462 0.975309 0.842105 0.733945 0.987654
time: 1.472645 f1: 1.000000 1.000000 1.000000 1.000000 1.000000 1.000000
time: 1.825119 f1: 1.000000 1.000000 1.000000 1.000000 1.000000 1.000000
time: 1.446589 f1: 0.951807 0.918605 0.987500 0.946108 0.908046 0.987500
time: 1.581872 f1: 1.000000 1.000000 1.000000 1.000000 1.000000 1.000000
time: 1.441476 f1: 0.909091 0.833333 1.000000 0.909091 0.833333 1.000000
time: 1.665224 f1: 0.125000 0.090909 0.200000 0.125000 0.090909 0.200000
time: 1.661909 f1: 0.009901 0.005000 0.500000 0.009901 0.005000 0.500000
time: 1.648115 f1: 0.006015 0.003017 1.000000 0.006015 0.003017 1.000000
time: 1.318579 f1: 1.000000 1.000000 1.000000 1.000000 1.000000 1.000000
time: 1.406637 f1: 1.000000 1.000000 1.000000 1.000000 1.000000 1.000000
time: 1.343343 f1: 1.000000 1.000000 1.000000 1.000000 1.000000 1.000000
time: 1.444139 f1: 1.000000 1.000000 1.000000 1.000000 1.000000 1.000000
time: 1.654832 f1: 0.153846 0.083333 1.000000 0.153846 0.083333 1.000000
time: 1.618165 f1: 0.003300 0.001653 1.000000 0.003300 0.001653 1.000000
time: 1.643521 f1: 0.250000 0.200000 0.333334 0.250000 0.200000 0.333334
time: 1.712827 f1: 0.014706 0.007407 1.000000 0.014706 0.007407 1.000000
time: 1.513139 f1: 1.000000 1.000000 1.000000 1.000000 1.000000 1.000000
time: 1.627231 f1: 0.333334 1.000000 0.200000 0.333334 1.000000 0.200000
time: 1.633187 f1: 0.022727 0.011765 0.333334 0.022727 0.011765 0.333334
time: 1.378020 f1: 1.000000 1.000000 1.000000 1.000000 1.000000 1.000000
time: 1.674258 f1: 0.017544 0.008929 0.500000 0.017544 0.008929 0.500000
time: 1.731370 f1: 0.153846 0.083333 1.000000 0.153846 0.083333 1.000000
time: 1.686808 f1: 0.285714 0.400000 0.222222 0.285714 0.400000 0.222222
time: 1.520000 f1: 1.000000 1.000000 1.000000 1.000000 1.000000 1.000000
time: 1.463846 f1: 1.000000 1.000000 1.000000 1.000000 1.000000 1.000000
time: 1.600957 f1: 0.666667 1.000000 0.500000 0.666667 1.000000 0.500000
time: 1.431114 f1: 1.000000 1.000000 1.000000 1.000000 1.000000 1.000000
time: 1.613485 f1: 0.200000 1.000000 0.111111 0.200000 1.000000 0.111111
time: 1.345751 f1: 0.003378 0.001692 1.000000 0.003378 0.001692 1.000000
time: 1.473854 f1: 1.000000 1.000000 1.000000 1.000000 1.000000 1.000000
time: 1.587248 f1: 0.200000 0.200000 0.200000 0.200000 0.200000 0.200000
time: 1.668295 f1: 0.444445 1.000000 0.285714 0.444445 1.000000 0.285714
time: 1.477557 f1: 1.000000 1.000000 1.000000 1.000000 1.000000 1.000000
time: 1.587959 f1: 0.333333 0.285714 0.400000 0.333333 0.285714 0.400000
time: 1.678788 f1: 0.500000 0.333334 1.000000 0.500000 0.333334 1.000000
time: 1.481783 f1: 1.000000 1.000000 1.000000 1.000000 1.000000 1.000000
time: 1.683187 f1: 0.042553 0.022727 0.333334 0.042553 0.022727 0.333334
time: 1.556208 f1: 0.400000 0.500000 0.333334 0.400000 0.500000 0.333334
time: 1.440061 f1: 0.985507 0.971429 1.000000 0.918919 0.850000 1.000000
time: 1.385444 f1: 1.000000 1.000000 1.000000 1.000000 1.000000 1.000000
time: 1.691771 f1: 0.666667 1.000000 0.500000 0.666667 1.000000 0.500000
time: 1.409231 f1: 0.857143 0.750000 1.000000 0.857143 0.750000 1.000000
time: 1.495349 f1: 1.000000 1.000000 1.000000 1.000000 1.000000 1.000000
time: 1.433627 f1: 0.996960 0.993939 1.000000 1.000000 1.000000 1.000000
time: 1.340119 f1: 0.800000 0.666667 1.000000 0.800000 0.666667 1.000000
time: 1.569293 f1: 0.222222 0.333334 0.166667 0.222222 0.333334 0.166667
time: 1.561907 f1: 0.022293 0.011272 1.000000 0.022293 0.011272 1.000000
time: 1.332555 f1: 1.000000 1.000000 1.000000 1.000000 1.000000 1.000000
time: 1.633987 f1: 0.080000 0.052632 0.166667 0.080000 0.052632 0.166667
time: 1.683524 f1: 0.034483 0.018182 0.333333 0.034483 0.018182 0.333333
time: 1.470122 f1: 0.400000 0.500000 0.333334 0.400000 0.500000 0.333334
time: 1.648198 f1: 0.666667 1.000000 0.500000 0.666667 1.000000 0.500000
time: 1.473481 f1: 0.500000 0.333333 1.000000 0.500000 0.333333 1.000000
time: 1.467505 f1: 1.000000 1.000000 1.000000 1.000000 1.000000 1.000000
time: 1.715146 f1: 0.666667 1.000000 0.500000 0.666667 1.000000 0.500000
time: 1.620301 f1: 0.008287 0.004161 1.000000 0.008287 0.004161 1.000000
time: 1.633980 f1: 0.031746 0.016949 0.250000 0.031746 0.016949 0.250000
time: 1.423754 f1: 0.666667 0.500000 1.000000 0.666667 0.500000 1.000000
time: 1.692046 f1: 0.750000 1.000000 0.600000 0.750000 1.000000 0.600000
time: 1.467652 f1: 1.000000 1.000000 1.000000 1.000000 1.000000 1.000000
time: 1.666899 f1: 0.666667 1.000000 0.500000 0.666667 1.000000 0.500000
time: 1.383059 f1: 0.000002 0.000001 1.000000 0.000002 0.000001 1.000000
time: 1.475677 f1: 1.000000 1.000000 1.000000 1.000000 1.000000 1.000000
time: 1.696376 f1: 0.000002 0.000001 1.000000 0.000002 0.000001 1.000000
time: 1.634668 f1: 1.000000 1.000000 1.000000 1.000000 1.000000 1.000000
time: 2.023947 f1: 0.000002 0.000001 1.000000 0.000002 0.000001 1.000000
time: 1.736390 f1: 0.166667 0.250000 0.125000 0.166667 0.250000 0.125000
time: 1.716515 f1: 0.066667 0.037037 0.333334 0.066667 0.037037 0.333334
time: 1.389421 f1: 0.070588 0.036585 1.000000 0.070588 0.036585 1.000000
time: 1.654547 f1: 0.034884 0.018072 0.500000 0.034884 0.018072 0.500000
time: 1.544612 f1: 0.285714 0.200000 0.500000 0.285714 0.200000 0.500000
time: 1.588994 f1: 0.016842 0.008493 1.000000 0.016842 0.008493 1.000000
time: 1.416929 f1: 1.000000 1.000000 1.000000 1.000000 1.000000 1.000000
time: 1.626918 f1: 0.106195 0.056604 0.857143 0.106195 0.056604 0.857143
time: 1.684896 f1: 0.033333 0.017857 0.250000 0.033333 0.017857 0.250000
time: 1.629289 f1: 0.250000 0.333334 0.200000 0.250000 0.333334 0.200000
time: 1.645724 f1: 1.000000 1.000000 1.000000 1.000000 1.000000 1.000000
time: 1.360766 f1: 0.666667 1.000000 0.500000 0.666667 1.000000 0.500000
time: 1.422856 f1: 0.254144 0.146497 0.958333 0.254144 0.146497 0.958333
time: 1.629484 f1: 0.007782 0.003906 1.000000 0.007782 0.003906 1.000000
time: 1.429595 f1: 1.000000 1.000000 1.000000 1.000000 1.000000 1.000000
time: 1.665056 f1: 0.000002 0.000001 1.000000 0.000002 0.000001 1.000000
time: 1.578363 f1: 0.000002 0.000001 1.000000 0.000002 0.000001 1.000000
time: 1.491712 f1: 1.000000 1.000000 1.000000 1.000000 1.000000 1.000000
time: 1.369135 f1: 1.000000 1.000000 1.000000 1.000000 1.000000 1.000000
time: 1.954907 f1: 0.153846 0.200000 0.125000 0.153846 0.200000 0.125000
time: 1.421043 f1: 1.000000 1.000000 1.000000 1.000000 1.000000 1.000000
time: 1.638132 f1: 1.000000 1.000000 1.000000 1.000000 1.000000 1.000000
time: 1.608212 f1: 0.002770 0.001387 1.000000 0.002770 0.001387 1.000000
time: 1.713701 f1: 0.800000 1.000000 0.666667 0.800000 1.000000 0.666667
time: 1.675810 f1: 0.066667 0.036364 0.400000 0.066667 0.036364 0.400000
time: 1.578955 f1: 0.285714 1.000000 0.166667 0.285714 1.000000 0.166667
time: 1.437670 f1: 1.000000 1.000000 1.000000 1.000000 1.000000 1.000000
time: 1.421504 f1: 0.400000 0.250000 1.000000 0.400000 0.250000 1.000000
time: 1.686956 f1: 0.019802 0.010101 0.500000 0.019802 0.010101 0.500000
time: 1.763804 f1: 0.026906 0.013667 0.857143 0.026906 0.013667 0.857143
time: 1.597757 f1: 0.117647 0.100000 0.142857 0.117647 0.100000 0.142857
time: 1.601370 f1: 1.000000 1.000000 1.000000 1.000000 1.000000 1.000000
time: 1.783895 f1: 0.333334 1.000000 0.200000 0.333334 1.000000 0.200000
time: 1.477799 f1: 1.000000 1.000000 1.000000 1.000000 1.000000 1.000000
time: 1.545342 f1: 0.666667 1.000000 0.500000 0.666667 1.000000 0.500000
time: 1.912654 f1: 0.714286 1.000000 0.555556 0.714286 1.000000 0.555556
time: 1.455472 f1: 0.200000 1.000000 0.111111 0.200000 1.000000 0.111111
time: 1.489821 f1: 1.000000 1.000000 1.000000 1.000000 1.000000 1.000000
time: 1.764575 f1: 0.002994 0.001499 1.000000 0.002994 0.001499 1.000000
time: 1.765720 f1: 0.266667 0.250000 0.285714 0.266667 0.250000 0.285714
time: 1.499755 f1: 0.037037 0.018868 1.000000 0.037037 0.018868 1.000000
time: 1.529571 f1: 1.000000 1.000000 1.000000 1.000000 1.000000 1.000000
time: 1.385417 f1: 1.000000 1.000000 1.000000 1.000000 1.000000 1.000000
time: 1.587502 f1: 0.800000 0.666667 1.000000 0.800000 0.666667 1.000000
time: 1.725567 f1: 0.166667 0.142857 0.200000 0.166667 0.142857 0.200000
time: 1.471817 f1: 1.000000 1.000000 1.000000 1.000000 1.000000 1.000000
time: 1.539650 f1: 0.461539 0.428572 0.500000 0.461539 0.428572 0.500000
time: 1.783407 f1: 0.028571 0.015152 0.250000 0.028571 0.015152 0.250000
time: 1.464149 f1: 1.000000 1.000000 1.000000 1.000000 1.000000 1.000000
time: 1.827502 f1: 1.000000 1.000000 1.000000 1.000000 1.000000 1.000000
time: 1.489895 f1: 1.000000 1.000000 1.000000 1.000000 1.000000 1.000000
time: 1.401315 f1: 1.000000 1.000000 1.000000 1.000000 1.000000 1.000000
time: 1.454140 f1: 0.000002 0.000001 1.000000 0.000002 0.000001 1.000000
time: 1.492143 f1: 1.000000 1.000000 1.000000 1.000000 1.000000 1.000000
time: 1.347743 f1: 1.000000 1.000000 1.000000 1.000000 1.000000 1.000000
time: 1.401009 f1: 1.000000 1.000000 1.000000 1.000000 1.000000 1.000000
time: 1.448113 f1: 0.857143 1.000000 0.750000 0.857143 1.000000 0.750000
time: 1.752933 f1: 0.000002 0.000001 1.000000 0.000002 0.000001 1.000000
time: 1.895102 f1: 0.363636 0.333333 0.400000 0.363636 0.333333 0.400000
time: 1.735779 f1: 0.000002 0.000001 1.000000 0.000002 0.000001 1.000000
time: 1.837897 f1: 0.666667 1.000000 0.500000 0.666667 1.000000 0.500000
time: 1.368525 f1: 0.400000 0.250000 1.000000 0.400000 0.250000 1.000000
time: 1.675088 f1: 0.024390 0.012987 0.200000 0.024390 0.012987 0.200000
time: 1.468081 f1: 0.040000 0.020408 1.000000 0.040000 0.020408 1.000000
time: 1.958870 f1: 0.666667 1.000000 0.500000 0.666667 1.000000 0.500000
time: 1.800640 f1: 0.333334 1.000000 0.200000 0.333334 1.000000 0.200000
time: 1.673186 f1: 0.117647 0.066667 0.500000 0.117647 0.066667 0.500000
time: 1.852019 f1: 1.000000 1.000000 1.000000 1.000000 1.000000 1.000000
time: 1.688607 f1: 0.080000 0.045455 0.333334 0.080000 0.045455 0.333334
time: 1.837065 f1: 0.014925 0.007634 0.333334 0.014925 0.007634 0.333334
time: 1.842565 f1: 0.500000 1.000000 0.333334 0.500000 1.000000 0.333334
time: 1.599130 f1: 0.434783 0.333333 0.625000 0.434783 0.333333 0.625000
time: 1.712846 f1: 0.250000 1.000000 0.142857 0.250000 1.000000 0.142857
time: 1.687216 f1: 0.020000 0.010309 0.333334 0.020000 0.010309 0.333334
time: 1.698044 f1: 0.444445 1.000000 0.285714 0.444445 1.000000 0.285714
time: 1.643591 f1: 0.222222 1.000000 0.125000 0.222222 1.000000 0.125000
time: 1.700776 f1: 0.017391 0.009091 0.200000 0.017391 0.009091 0.200000
time: 1.644243 f1: 0.315790 0.230769 0.500000 0.315790 0.230769 0.500000
time: 1.684858 f1: 0.005249 0.002632 1.000000 0.005249 0.002632 1.000000
time: 1.617986 f1: 0.015228 0.007692 0.750000 0.015228 0.007692 0.750000
time: 1.501266 f1: 0.000002 0.000001 1.000000 0.000002 0.000001 1.000000
time: 1.785751 f1: 0.014389 0.007299 0.500000 0.014389 0.007299 0.500000
time: 1.803124 f1: 0.064516 0.033333 1.000000 0.064516 0.033333 1.000000
time: 1.673088 f1: 0.666667 1.000000 0.500000 0.666667 1.000000 0.500000
time: 1.704770 f1: 0.003017 0.001511 1.000000 0.003017 0.001511 1.000000
time: 1.426410 f1: 0.029851 0.015152 1.000000 0.029851 0.015152 1.000000
time: 1.437729 f1: 1.000000 1.000000 1.000000 1.000000 1.000000 1.000000
time: 1.675297 f1: 1.000000 1.000000 1.000000 1.000000 1.000000 1.000000
time: 1.481286 f1: 0.363636 1.000000 0.222222 0.363636 1.000000 0.222222
time: 1.523181 f1: 1.000000 1.000000 1.000000 1.000000 1.000000 1.000000
time: 1.444227 f1: 0.400000 1.000000 0.250000 0.400000 1.000000 0.250000
time: 1.379558 f1: 1.000000 1.000000 1.000000 1.000000 1.000000 1.000000
time: 1.598204 f1: 0.307692 0.285714 0.333333 0.307692 0.285714 0.333333
time: 1.648763 f1: 0.038462 0.021739 0.166667 0.038462 0.021739 0.166667
time: 1.780417 f1: 0.222222 0.250000 0.200000 0.222222 0.250000 0.200000
time: 1.402423 f1: 0.641509 0.472222 1.000000 0.414634 0.261538 1.000000
time: 1.462092 f1: 1.000000 1.000000 1.000000 1.000000 1.000000 1.000000
time: 1.373106 f1: 1.000000 1.000000 1.000000 1.000000 1.000000 1.000000
time: 1.652106 f1: 1.000000 1.000000 1.000000 1.000000 1.000000 1.000000
time: 1.589297 f1: 0.250000 1.000000 0.142857 0.250000 1.000000 0.142857
time: 1.604451 f1: 0.545455 1.000000 0.375000 0.545455 1.000000 0.375000
time: 1.364104 f1: 0.993976 0.993976 0.993976 0.962319 0.927374 1.000000
time: 1.717065 f1: 0.008658 0.004367 0.500000 0.008658 0.004367 0.500000
time: 1.474343 f1: 1.000000 1.000000 1.000000 1.000000 1.000000 1.000000
time: 1.467733 f1: 0.990741 1.000000 0.981651 0.990741 1.000000 0.981651
time: 1.234061 f1: 0.500000 1.000000 0.333334 0.500000 1.000000 0.333334
time: 1.118338 f1: 0.363636 0.333333 0.400000 0.363636 0.333333 0.400000
time: 0.986985 f1: 1.000000 1.000000 1.000000 1.000000 1.000000 1.000000
time: 1.323279 f1: 1.000000 1.000000 1.000000 1.000000 1.000000 1.000000
time: 1.704615 f1: 0.100000 0.066667 0.200000 0.100000 0.066667 0.200000
time: 1.794670 f1: 0.000002 0.000001 1.000000 0.000002 0.000001 1.000000
time: 1.943849 f1: 0.042857 0.022222 0.600000 0.042857 0.022222 0.600000
time: 1.683357 f1: 0.888889 1.000000 0.800000 0.888889 1.000000 0.800000
time: 1.602841 f1: 0.008000 0.004016 1.000000 0.008000 0.004016 1.000000
time: 1.755987 f1: 0.008368 0.004202 1.000000 0.008368 0.004202 1.000000
time: 1.702570 f1: 0.076923 0.041667 0.500000 0.076923 0.041667 0.500000
time: 1.655415 f1: 1.000000 1.000000 1.000000 1.000000 1.000000 1.000000
time: 8.179371 f1: 0.677596 0.784810 0.596154 0.677596 0.784810 0.596154
time: 128.216890 f1: 0.501999 0.946399 0.341596 0.375659 0.905312 0.237001
time: 126.579239 f1: 0.325490 0.194379 1.000000 0.324909 0.193965 1.000000
time: 129.507558 f1: 0.569231 0.430233 0.840909 0.569231 0.430233 0.840909
time: 123.839273 f1: 0.377926 0.233056 0.998771 0.377926 0.233056 0.998771
time: 143.040296 f1: 0.864087 0.779450 0.969345 0.826143 0.739297 0.936108
time: 143.086820 f1: 0.970160 0.942049 1.000000 0.627046 0.456713 1.000000
time: 143.014206 f1: 0.222549 0.126210 0.940299 0.202710 0.114331 0.893035
time: 144.195559 f1: 0.865823 0.763393 1.000000 0.841545 0.772616 0.923977
time: 134.149245 f1: 0.148282 0.081511 0.820000 0.148282 0.081511 0.820000
time: 144.620841 f1: 0.193490 0.107906 0.935294 0.182987 0.102117 0.879412
time: 126.075066 f1: 0.058252 0.030000 1.000000 0.058252 0.030000 1.000000
time: 127.044343 f1: 0.996328 0.992682 1.000000 0.995611 0.991259 1.000000
time: 8.534060 f1: 0.956720 0.917031 1.000000 0.956720 0.917031 1.000000
time: 8.176650 f1: 0.030888 0.015873 0.571429 0.030888 0.015873 0.571429
time: 120.072488 f1: 0.996946 0.993911 1.000000 0.996427 0.992879 1.000000
time: 139.404264 f1: 0.345233 0.220939 0.789238 0.310464 0.209085 0.602691
time: 108.514914 f1: 0.890894 0.837963 0.950963 0.843152 0.748641 0.964974
time: 146.989511 f1: 0.841984 0.758836 0.945596 0.841984 0.758836 0.945596
time: 8.654462 f1: 0.555556 0.500000 0.625000 0.555556 0.500000 0.625000
time: 9.016396 f1: 0.015769 0.007947 1.000000 0.015769 0.007947 1.000000
time: 147.347494 f1: 0.365123 0.943662 0.226351 0.262981 0.155230 0.859797
time: 144.295254 f1: 0.337373 0.225548 0.669118 0.266032 0.173598 0.569005
time: 112.823668 f1: 0.443182 0.286191 0.981693 0.443182 0.286191 0.981693
time: 107.316724 f1: 0.919370 0.896926 0.942966 0.875211 0.786364 0.986692
time: 8.278646 f1: 0.909091 0.833333 1.000000 0.909091 0.833333 1.000000
time: 7.647024 f1: 1.000000 1.000000 1.000000 1.000000 1.000000 1.000000
time: 128.577606 f1: 0.240838 0.136905 1.000000 0.240838 0.136905 1.000000
time: 125.963315 f1: 0.279461 0.162589 0.993895 0.252328 0.145458 0.951160
time: 129.773178 f1: 0.992168 0.984896 0.999549 0.966659 0.935470 1.000000
time: 109.284270 f1: 0.945513 0.896657 1.000000 0.945513 0.896657 1.000000
time: 141.365511 f1: 0.522427 0.490099 0.559322 0.328283 0.202005 0.875706
time: 104.640639 f1: 0.959630 0.978000 0.941937 0.694614 0.782219 0.624656
time: 146.011254 f1: 0.784466 0.645367 1.000000 0.784466 0.645367 1.000000
time: 128.358191 f1: 0.997903 0.995814 1.000000 0.997903 0.995814 1.000000
time: 128.098758 f1: 0.995661 0.992542 0.998799 0.995586 0.992394 0.998799
time: 107.148233 f1: 0.428954 0.275482 0.968523 0.428954 0.275482 0.968523
time: 9.346434 f1: 0.666667 0.750000 0.600000 0.666667 0.750000 0.600000
time: 145.520094 f1: 0.974233 0.949761 1.000000 0.962278 0.927299 1.000000
time: 127.532199 f1: 0.354585 0.734177 0.233736 0.280710 0.164000 0.973518
time: 108.483097 f1: 0.408373 0.286110 0.713103 0.398888 0.280134 0.692414
time: 145.073676 f1: 0.371146 0.336853 0.413212 0.295531 0.184576 0.740933
time: 8.485256 f1: 0.666667 0.500000 1.000000 0.666667 0.500000 1.000000
time: 146.292891 f1: 0.359958 0.225181 0.896597 0.339198 0.208534 0.908377
time: 143.437397 f1: 0.859008 0.787081 0.945402 0.859008 0.787081 0.945402
time: 152.568977 f1: 0.446602 0.655063 0.338789 0.279031 0.167714 0.829787
time: 8.563181 f1: 0.600000 0.600000 0.600000 0.600000 0.600000 0.600000
time: 146.569297 f1: 0.958887 0.959777 0.957999 0.578882 0.878141 0.431748
time: 145.223660 f1: 0.800861 0.744000 0.867133 0.613065 0.442946 0.995338
time: 144.830536 f1: 0.448738 0.314436 0.783305 0.339237 0.244639 0.553120
time: 8.508704 f1: 0.986111 0.972603 1.000000 0.972603 0.946667 1.000000
time: 12.502500 f1: 0.166667 0.109589 0.347826 0.166667 0.109589 0.347826
time: 146.455964 f1: 0.987218 0.980885 0.993634 0.935378 0.889101 0.986737
time: 135.490371 f1: 0.428659 0.279797 0.916010 0.392124 0.257780 0.818898
time: 10.976530 f1: 0.227778 0.133550 0.773585 0.227778 0.133550 0.773585
time: 101.948614 f1: 0.861538 0.884211 0.840000 0.750676 0.798178 0.708511
time: 147.659341 f1: 0.798331 0.664352 1.000000 0.798331 0.664352 1.000000
time: 8.419147 f1: 1.000000 1.000000 1.000000 1.000000 1.000000 1.000000
time: 36.893175 f1: 0.634146 0.464286 1.000000 0.634146 0.464286 1.000000
time: 39.186948 f1: 0.871528 0.772308 1.000000 0.321429 0.635294 0.215139
time: 12.398340 f1: 0.000000 0.000000 1.000000 0.000000 0.000000 1.000000
time: 12.654046 f1: 1.000000 1.000000 1.000000 0.489209 0.525097 0.457912
time: 12.596248 f1: 0.650000 0.481482 1.000000 0.650000 0.481482 1.000000
time: 37.180602 f1: 0.867470 0.765957 1.000000 0.483871 0.576923 0.416667
time: 12.757992 f1: 0.960699 0.964912 0.956522 0.887850 0.959596 0.826087
time: 36.598389 f1: 0.000000 0.000000 1.000000 0.000000 0.000000 1.000000
time: 12.430284 f1: 0.000000 0.000000 1.000000 0.000000 0.000000 1.000000
time: 45.062838 f1: 0.079365 0.042017 0.714286 0.076923 0.103448 0.061225
time: 12.540238 f1: 0.506667 0.558824 0.463415 0.506667 0.558824 0.463415
time: 36.074790 f1: 0.904110 0.846154 0.970588 0.527132 0.357895 1.000000
time: 34.878459 f1: 0.895833 0.811321 1.000000 0.599119 0.693878 0.527132
time: 35.723043 f1: 0.968037 0.938053 1.000000 0.417266 0.878788 0.273585
time: 36.339989 f1: 0.915663 0.844444 1.000000 0.915663 0.844444 1.000000
time: 36.062718 f1: 0.975369 0.990000 0.961165 0.811429 0.986111 0.689320
time: 35.173552 f1: 0.928105 0.865854 1.000000 0.392265 0.243986 1.000000
time: 12.389196 f1: 0.719101 0.561404 1.000000 0.719101 0.561404 1.000000
time: 27.589130 f1: 0.413793 0.260870 1.000000 0.413793 0.260870 1.000000
time: 12.652857 f1: 0.000000 0.000000 1.000000 0.000000 0.000000 1.000000
time: 36.471595 f1: 0.000000 0.000000 1.000000 0.000000 0.000000 1.000000
time: 12.509650 f1: 0.171429 0.100840 0.571429 0.171429 0.100840 0.571429
time: 14.090435 f1: 0.753541 0.904762 0.645631 0.751412 0.898649 0.645631
time: 12.564635 f1: 0.331606 0.211921 0.761905 0.331606 0.211921 0.761905
time: 30.602791 f1: 1.000000 1.000000 1.000000 1.000000 1.000000 1.000000
time: 12.439946 f1: 0.461539 0.300000 1.000000 0.461539 0.300000 1.000000
time: 12.510195 f1: 0.000000 0.000000 1.000000 0.000000 0.000000 1.000000
time: 34.749545 f1: 0.401216 0.250951 1.000000 0.401216 0.250951 1.000000
time: 34.278251 f1: 0.343750 0.207547 1.000000 0.343750 0.207547 1.000000
time: 34.892734 f1: 0.449438 0.296296 0.930233 0.371681 0.249012 0.732558
time: 35.895590 f1: 0.972840 0.980100 0.965686 0.965686 0.965686 0.965686
time: 38.519936 f1: 0.000000 0.000000 1.000000 0.000000 0.000000 1.000000
time: 12.163725 f1: 0.000000 0.000000 1.000000 0.000000 0.000000 1.000000
time: 36.708599 f1: 0.824096 0.703704 0.994186 0.729167 0.660377 0.813953
time: 12.070610 f1: 0.974560 0.950382 1.000000 0.974560 0.950382 1.000000
time: 29.666968 f1: 0.990244 0.980676 1.000000 0.990244 0.980676 1.000000
time: 11.930762 f1: 0.686532 0.522686 1.000000 0.686532 0.522686 1.000000
time: 33.526593 f1: 0.974359 0.950000 1.000000 0.974359 0.950000 1.000000
time: 12.475404 f1: 0.622673 0.468193 0.929293 0.369524 0.296636 0.489899
time: 34.586014 f1: 0.885246 0.857143 0.915254 0.885246 0.857143 0.915254
time: 12.494970 f1: 0.000000 0.000000 1.000000 0.000000 0.000000 1.000000
time: 33.983406 f1: 0.807018 0.676471 1.000000 0.807018 0.676471 1.000000
time: 35.011658 f1: 0.571429 0.400000 1.000000 0.571429 0.400000 1.000000
time: 34.540937 f1: 0.000000 0.000000 1.000000 0.000000 0.000000 1.000000
time: 36.259993 f1: 0.786885 0.648649 1.000000 0.355556 0.380952 0.333333
time: 29.525861 f1: 0.886792 0.796610 1.000000 0.659091 0.707317 0.617021
time: 12.914173 f1: 0.000000 0.000000 1.000000 0.000000 0.000000 1.000000
time: 12.134153 f1: 0.631969 0.562371 0.721225 0.545134 0.391434 0.897571
time: 12.091485 f1: 0.586081 0.439560 0.879121 0.311377 0.244514 0.428571
time: 12.291686 f1: 0.000000 0.000000 1.000000 0.000000 0.000000 1.000000
time: 12.209087 f1: 0.448276 0.464286 0.433333 0.448276 0.464286 0.433333
time: 12.274564 f1: 0.826446 0.704225 1.000000 0.826446 0.704225 1.000000
time: 12.659298 f1: 0.973154 0.947712 1.000000 0.973154 0.947712 1.000000
time: 15.477796 f1: 0.850394 0.840467 0.860558 0.850394 0.840467 0.860558
time: 37.064280 f1: 0.650000 0.481482 1.000000 0.650000 0.481482 1.000000
time: 35.388982 f1: 0.097724 0.051372 1.000000 0.096842 0.050885 1.000000
time: 37.149856 f1: 0.000000 0.000000 1.000000 0.000000 0.000000 1.000000
time: 33.961363 f1: 0.368159 0.262411 0.616667 0.278422 0.161725 1.000000
time: 25.718554 f1: 0.307692 0.208955 0.583333 0.027972 0.014472 0.416667
time: 25.160123 f1: 0.000000 0.000000 1.000000 0.000000 0.000000 1.000000
time: 38.465510 f1: 0.913793 0.848000 0.990654 0.733668 0.793478 0.682243
time: 35.850604 f1: 0.872340 0.773585 1.000000 0.343750 0.478261 0.268293
time: 38.035848 f1: 0.916667 0.846154 1.000000 0.916667 0.846154 1.000000
time: 34.224757 f1: 0.756757 0.913043 0.646154 0.756757 0.913043 0.646154
time: 27.396520 f1: 0.836364 0.718750 1.000000 0.836364 0.718750 1.000000
time: 24.365224 f1: 0.515942 0.364754 0.881188 0.515942 0.364754 0.881188
time: 24.369195 f1: 0.852941 0.805556 0.906250 0.785992 0.782946 0.789063
time: 35.274590 f1: 0.000000 0.000000 1.000000 0.000000 0.000000 1.000000
time: 24.879788 f1: 0.000000 0.000000 1.000000 0.000000 0.000000 1.000000
time: 23.597587 f1: 0.972222 0.945946 1.000000 0.972222 0.945946 1.000000
time: 23.753764 f1: 1.000000 1.000000 1.000000 0.792899 1.000000 0.656863
time: 12.526200 f1: 0.000000 0.000000 1.000000 0.000000 0.000000 1.000000
time: 14.026230 f1: 0.839695 0.887097 0.797101 0.839695 0.887097 0.797101
time: 27.632361 f1: 0.122449 0.065217 1.000000 0.122449 0.065217 1.000000
time: 24.234534 f1: 0.905263 0.826923 1.000000 0.905263 0.826923 1.000000
time: 24.445368 f1: 0.000000 0.000000 1.000000 0.000000 0.000000 1.000000
time: 35.822970 f1: 0.990654 0.981481 1.000000 0.489510 0.945946 0.330189
time: 37.819728 f1: 0.918455 0.849206 1.000000 0.918455 0.849206 1.000000
time: 35.854709 f1: 0.000000 0.000000 1.000000 0.000000 0.000000 1.000000
time: 37.016158 f1: 0.825000 0.702128 1.000000 0.825000 0.702128 1.000000
time: 36.001552 f1: 0.538462 0.368421 1.000000 0.538462 0.368421 1.000000
time: 35.136338 f1: 0.000000 0.000000 1.000000 0.000000 0.000000 1.000000
time: 34.559894 f1: 0.478723 0.314685 1.000000 0.478723 0.314685 1.000000
time: 35.313432 f1: 0.393064 0.244604 1.000000 0.393064 0.244604 1.000000
time: 34.613233 f1: 0.984520 0.969512 1.000000 0.984520 0.969512 1.000000
time: 32.653629 f1: 0.530831 0.373585 0.916667 0.378698 0.278261 0.592593
time: 24.892403 f1: 0.944649 0.895105 1.000000 0.924370 1.000000 0.859375
time: 24.815533 f1: 0.478649 0.333795 0.845614 0.278652 0.204959 0.435088
time: 21.163381 f1: 0.896057 0.833333 0.968992 0.828897 0.813433 0.844961
time: 28.403442 f1: 0.974359 0.994764 0.954774 0.403101 0.881356 0.261307
time: 36.125035 f1: 0.666667 0.500000 1.000000 0.666667 0.500000 1.000000
time: 36.380849 f1: 0.791667 0.655172 1.000000 0.009041 0.004541 1.000000
time: 35.505486 f1: 0.805556 0.674419 1.000000 0.119588 0.063596 1.000000
time: 36.083878 f1: 0.000000 0.000000 1.000000 0.000000 0.000000 1.000000
time: 37.366009 f1: 0.000000 0.000000 1.000000 0.000000 0.000000 1.000000
time: 36.392298 f1: 0.800000 0.666667 1.000000 0.260000 0.149425 1.000000
time: 36.308354 f1: 0.000000 0.000000 1.000000 0.000000 0.000000 1.000000
time: 35.943567 f1: 0.636364 0.466667 1.000000 0.311111 0.184211 1.000000
time: 36.255924 f1: 0.853333 0.744186 1.000000 0.853333 0.744186 1.000000
time: 36.620224 f1: 0.251064 0.144608 0.951613 0.251064 0.144608 0.951613
time: 35.037052 f1: 0.000000 0.000000 1.000000 0.000000 0.000000 1.000000
time: 36.154849 f1: 0.939759 0.886364 1.000000 0.508475 0.750000 0.384615
time: 37.024902 f1: 0.428405 0.284830 0.863850 0.398792 0.253846 0.929577
time: 37.587134 f1: 0.000000 0.000000 1.000000 0.000000 0.000000 1.000000
time: 41.093629 f1: 0.444444 0.285714 1.000000 0.444444 0.285714 1.000000
time: 39.139341 f1: 0.917736 0.847979 1.000000 0.917634 0.847804 1.000000
time: 34.452103 f1: 0.000000 0.000000 1.000000 0.000000 0.000000 1.000000
time: 36.189198 f1: 0.929204 0.897436 0.963303 0.929204 0.897436 0.963303
time: 32.413700 f1: 0.057416 0.030000 0.666667 0.057416 0.030000 0.666667
time: 35.371275 f1: 0.314286 0.186441 1.000000 0.314286 0.186441 1.000000
time: 33.548665 f1: 0.000000 0.000000 1.000000 0.000000 0.000000 1.000000
time: 33.978414 f1: 0.636204 0.466495 1.000000 0.635088 0.465296 1.000000
time: 27.461499 f1: 0.000000 0.000000 1.000000 0.000000 0.000000 1.000000
time: 23.169815 f1: 0.979167 0.979167 0.979167 0.716418 0.558140 1.000000
time: 23.677358 f1: 0.259542 0.149123 1.000000 0.259542 0.149123 1.000000
time: 23.528674 f1: 0.000000 0.000000 1.000000 0.000000 0.000000 1.000000
time: 22.690347 f1: 0.774951 0.720000 0.838983 0.734694 0.653465 0.838983
time: 22.047935 f1: 0.607595 0.666667 0.558140 0.607595 0.666667 0.558140
time: 35.945671 f1: 0.954128 0.981132 0.928571 0.939655 0.908333 0.973214
time: 35.153028 f1: 0.326087 0.714286 0.211268 0.326087 0.714286 0.211268
time: 31.657811 f1: 1.000000 1.000000 1.000000 1.000000 1.000000 1.000000
time: 17.019606 f1: 0.000000 0.000000 1.000000 0.000000 0.000000 1.000000
time: 26.234737 f1: 0.460064 0.306383 0.923077 0.460064 0.306383 0.923077
time: 24.038256 f1: 0.357977 0.218009 1.000000 0.357977 0.218009 1.000000
time: 23.818194 f1: 0.981949 0.985507 0.978417 0.919540 0.983607 0.863309
time: 24.521076 f1: 0.416438 0.275362 0.853933 0.416438 0.275362 0.853933
time: 23.729711 f1: 0.772727 0.723404 0.829268 0.772727 0.723404 0.829268
time: 24.399587 f1: 0.851852 0.841463 0.862500 0.851852 0.841463 0.862500
time: 24.568701 f1: 0.828571 0.707317 1.000000 0.828571 0.707317 1.000000


NAB
time: 161.111073 f1: 0.935478 0.933682 0.937281 0.797403 0.821475 0.774702
time: 305.072494 f1: 0.215734 0.381522 0.150386 0.215734 0.381522 0.150386
time: 5025.160488 f1: 0.454294 0.378021 0.569128 0.364032 0.328695 0.407881
time: 4317.178349 f1: 0.224555 0.263636 0.195564 0.158141 0.199225 0.131105
